Array element :
Enter number of rows: 2
Enter number of columns: 3
Input :
6 8 7
6 5 5
Array
6 8 7 
6 5 5 
Array Transpose
6 6 
8 5
7 5


Array element :
Enter number of rows: 3
Enter number of columns: 6
Input :
1 2 3 4 5 6 7 8 9  
10 11 12
13 14 15 16 17 18
Array
1 2 3 4 5 6
7 8 9 10 11 12
13 14 15 16 17 18
Array Transpose
1 7 13
2 8 14
3 9 15
4 10 16
5 11 17
6 12 18